mean ink total: 4699.9757058823525
standard deviation: 768.6035186314365
median: 4667.549019607842
max: 8739.274509803918
min: 2866.654901960784
