mean ink total: 4762.285949019608
standard deviation: 754.6228394057758
median: 4823.91764705881
max: 7307.176470588253
min: 1338.0588235294135
