mean ink total: 6393.226181960785
standard deviation: 1212.3592739890682
median: 6168.4372549019645
max: 16043.79607843138
min: 3047.682352941175
