mean ink total: 6278.309065098039
standard deviation: 1355.0641742246107
median: 6010.166666666659
max: 16721.18039215686
min: 2298.690196078432
