mean ink total: 6917.855626666668
standard deviation: 1143.3622615943716
median: 6829.894117647051
max: 18929.24705882353
min: 3280.8588235294037
