mean ink total: 6611.750572549017
standard deviation: 1659.1036002531885
median: 6488.227450980391
max: 15156.031372549023
min: 3134.576470588241
